  -213.69835699
  -211.46360217
  -197.83543069
  -216.17770721
  -238.29462995
  -229.90934776
  -259.28680680
  -261.36022065
  -254.32906972
  -288.92860237
   429.51239069
   413.19072543
   380.56415315
   342.13641613
   345.39353428
   309.07883165
   286.26486437
   272.75789233
   236.22543481
   218.08098466
   197.87535549
   167.71124756
   157.18189451
   131.34946559
    84.35838753
    85.79223333
    49.02142450
    37.20288528
     4.80849599
    -4.59480948
   120.84230161
    65.73358715
     4.01520149
   -54.00267265
  -111.11548306
  -146.37292839
  -176.47832408
  -227.92442428
  -272.18350532
  -269.02079795
  -306.02357133
  -303.12516267
  -301.88951184
  -295.46935014
  -302.81187759
  -303.11689343
  -313.30911187
  -277.66001173
  -281.46346317
  -270.47340037
    88.52659963
    85.78993341
    86.77805461
    89.69426693
    75.15321200
    73.10818877
    93.03332604
    71.09355081
    61.85125230
    63.40639473
    68.87476219
    57.73154156
    71.18649576
    55.56363820
    51.18587125
    16.42020581
    30.18404455
     5.37453311
   -11.77467307
   -26.65441137
   126.94853052
    35.61704256
    21.44240623
    34.24440547
    11.98777027
    19.93398310
     8.98414890
    21.15219903
    16.94968881
    -8.98093007
   -14.25729085
     1.32076637
    -9.85672330
   -30.74324203
   -45.20561151
   -39.07060543
   -44.69691605
   -41.17353346
   -56.06879705
   -59.50719171
    19.36723519
    11.10075755
    10.50731737
    -5.90058704
   -19.54132556
   -12.25163699
   -32.89115732
   -39.44182177
   -51.90476595
   -54.87553128
   -50.37486985
   -46.74862780
   -62.42331575
   -48.30797254
   -64.69297198
   -59.40037925
   -67.84597780
   -63.34088378
   -57.06809565
   -66.24062283
     0.16999020
   -10.22673850
    -9.53546121
   -15.16815375
   -11.81145390
    -9.53378007
     3.03789403
   -34.64035477
   -16.55799278
   -30.35923021
   -32.51041466
   -39.76311617
   -50.91690756
   -53.98029606
   -74.15532155
   -61.63151106
   -83.63697331
   -59.88427238
   -90.03754871
   -99.80111661
  -100.43841266
   -91.88592837
  -105.92437045
  -114.98326240
  -134.45244502
  -124.28046614
  -163.44770888
  -153.62708342
  -154.06797219
  -167.40885839
   380.32950283
   326.99429615
   314.39263628
   292.30330663
   255.88930955
   232.39113560
   226.81321048
   190.18020002
   248.52610267
   206.94613390
   140.88146154
    73.28386606
    17.46250476
   -55.28579387
   -85.60620433
  -136.45089412
  -149.07895858
  -173.17944987
  -213.26910015
  -223.20942175
  -251.23565889
  -256.71261286
  -261.80413667
  -261.71252472
  -248.13394933
  -254.68960468
  -263.17637236
  -230.81029799
   180.18970201
   195.22467510
   177.38312948
   182.31495885
   159.63648647
   166.80937331
   177.91877797
   165.93287873
   176.24597112
   160.24115223
   155.39545812
   176.29222432
   178.61311619
   145.69530995
   148.59809567
   142.78533507
   153.28484400
   124.97323122
   111.06175339
   110.92134107
   136.29663091
    30.44223873
    26.08602292
    29.44484907
    12.99968182
     3.54386106
    13.51506555
    11.69500349
    13.36824230
     6.86974201
     2.94271303
    -2.54305336
    -7.37914726
   -19.18802191
   -37.92007389
   -37.92992541
   -33.65722979
   -48.55504151
   -59.76167951
   -58.60870706
    24.53680569
     1.86799660
    -4.88362403
     0.57280374
    -4.35837911
   -22.03525119
   -34.00536570
   -32.41286190
   -40.09152952
   -54.04686911
   -53.30154177
   -65.05833226
   -54.82524378
   -68.09312256
   -64.16728111
   -69.42572758
   -77.02927922
   -78.78366963
   -59.69212307
   -78.94715993
    -4.59747144
   -15.98816870
   -15.68449822
   -20.07331395
     3.55284886
   -11.87238101
   -10.08447052
   -23.56936345
   -23.10247439
   -34.64832548
   -48.12487909
   -31.63874812
   -51.93156410
   -46.64159492
   -70.58343868
   -45.65507951
   -72.34127798
   -55.17613602
   -88.11441250
   -88.67341775
    -9.56057917
   -15.89368835
   -27.63290002
   -39.61190888
   -62.67004896
   -51.31101663
   -68.18898232
   -84.05513747
   -76.22772191
  -103.54663626
   254.36271282
   183.36669361
    99.91036193
    48.25882593
   -10.56044351
   -44.53899974
  -100.30889740
  -134.73017429
  -140.04255633
  -182.32844107
  -190.48971540
  -203.81579231
  -210.57718945
  -217.87334454
  -222.07711136
  -249.40442992
  -220.59580101
  -214.45044620
   249.54955380
   225.81232648
   249.02889316
   243.25936276
   243.23565750
   254.04642905
   233.07832580
   227.40258001
   225.50420922
   192.85740043
   189.85656317
    94.26551832
    81.26132211
    61.51706025
    68.66350450
    33.00091872
    18.25156365
    39.23121859
    14.11323733
     4.49670876
    24.60439990
    17.64150035
    16.39330642
     4.49747614
   -18.43202846
   -20.84663890
   -29.57888690
   -21.12375290
   -48.11478200
   -33.77538209
   -36.44552541
   -45.88753545
   -66.62144816
   -53.24470479
   -46.22151493
   -58.68080144
   -73.25654462
   -54.40538473
   -67.54456063
   -55.10593315
     0.32288979
   -14.38747728
    10.92018114
   -28.23071393
    -8.67314714
   -22.47802747
    -3.33868833
   -36.62766166
   -16.97517092
   -26.55125945
   -46.52384196
   -44.92761001
   -46.28503115
   -50.38787304
   -73.86369722
   -55.01601750
   -70.27948671
   -67.98261753
   -83.10976403
   -98.68238641
    45.72919850
   -19.87873527
   -88.29447429
  -144.66559211
  -214.52196141
  -277.95882648
  -304.39682755
  -307.96061652
   522.03938348
   485.50920058
   230.34396475
   212.27535558
   160.22917743
   138.50011408
   114.31660493
    77.45635200
    65.83290898
    43.77752707
    21.88509150
    33.26216627
    17.48858777
    26.70611989
    27.44329745
     1.23609076
     2.78806572
   -15.73425589
   -20.14695777
   -29.73478639
   119.97890895
    57.63747922
   -15.95442362
   -56.13946804
   -95.56324579
  -116.40816942
  -150.94920771
  -174.73685318
  -219.85388146
  -261.30731267
  -242.74334373
  -255.11868071
   397.88131929
   373.07525954
   334.81343973
   159.08851712
   137.68061462
   119.73219938
   100.24471946
    66.17477020
    51.22669496
    43.55114099
    25.28268271
     6.30425842
     7.06862632
     3.80578087
    -0.94994234
    -3.05273365
   -23.85762627
   -48.46678330
   -53.57566489
   -61.40255914
   153.80949203
    88.31148923
    33.99133148
   -10.70856781
   -63.60460217
   -87.48754088
  -118.77248294
  -139.70433843
  -159.74900235
  -191.78328985
  -223.93467323
  -252.71957104
  -240.50283436
  -219.14086953
   367.85913047
   348.44782060
   335.25188387
   337.88259857
   295.11022005
   291.81544036
   134.18874592
   105.38116541
   111.46799854
    90.89742876
   101.71226494
    82.15410408
    53.31464639
    53.33178520
    41.33014984
    12.76471452
    23.31367048
    10.07319514
    25.31561726
     3.69518117
    -4.01535971
   -15.38578807
    -7.21685946
   -20.68806334
     7.43507946
   -24.19026519
    -3.03357539
   -25.79436020
   -15.66687148
   -34.84573387
   -21.24860540
   -50.48192706
   -40.21913110
   -33.16107240
   -72.18467585
   -59.53965488
   -84.70973622
   -58.88374290
   -89.01946575
   -87.67935331
   182.28452889
   118.54941200
    66.18492982
    15.82063196
   -28.76407484
   -60.01706025
  -102.42316530
  -129.57137082
  -152.10664800
  -184.08285286
  -202.76366575
  -228.30886443
  -235.35669491
  -227.31126067
  -220.10731550
   335.89268450
   340.04840673
   313.20340524
   316.39882378
   295.66445172
   297.88825175
   122.37826740
   126.31107957
    89.87819228
   107.87786084
    85.50253143
    92.82360193
    51.76706343
    62.51817819
    27.15283036
    36.95948500
    -6.31469749
    -0.98105184
    -8.21861390
     4.24766183
    15.03561549
    -3.63863015
    12.91045838
   -21.99866032
    -8.85272697
   -35.82822280
   -13.22295786
   -38.34604530
   -11.99763798
   -27.04957168
   -45.03428985
   -37.08416033
   -50.69327552
   -35.40781816
   -55.51641048
   -52.82423853
   -79.43706843
   -67.09310347
   -78.84372366
   -80.19399220
   201.06350353
   144.65892492
    81.69632406
    26.00741978
   -14.63630786
   -73.04072226
   -90.27229958
  -128.63717651
  -144.59996898
  -177.53830834
  -178.02214630
  -194.51152878
  -225.72471364
  -224.24110384
  -237.48905985
  -205.60287979
   325.39712021
   307.55058133
   311.14155450
   305.42165972
   269.82740526
   274.97413717
   246.36137351
   122.42200051
   109.40026988
    98.83383014
    76.20834348
    78.46334144
    56.77514899
    42.83547695
    33.47923703
    17.09506467
    -6.33343270
    15.38813315
    -4.61392994
   -12.73127530
     3.18952428
     4.08431133
    -7.09527157
   -12.92553097
     3.55581146
   -12.18937896
    -5.72552286
   -32.58274986
   -31.35705395
   -28.60973178
   -42.81878405
   -35.15483377
   -45.67409306
   -49.40321935
   -77.96100872
   -66.92197314
   -76.20697314
   -67.98873948
   -85.79260788
   -94.24680791
    18.99134263
    17.18149192
    20.58255666
     8.69167688
    -1.77142094
   -13.28926761
   -23.75919717
   -24.70990974
   -31.56283217
   -37.56016944
   243.99596319
   159.94618069
   105.90484983
    46.44943182
   -24.28942407
   -51.71228754
   -76.55107378
  -114.88420796
  -137.09974187
  -166.11707132
  -193.53777900
  -192.23139538
  -209.28330011
  -233.39905586
  -225.55990556
  -218.68927481
  -230.62774625
   273.37225375
   266.17285082
   295.60066041
   286.83193992
   284.38613600
   286.72048173
   286.88415982
   241.87099171
   247.87998936
   248.21316739
   224.19899634
    94.71969412
   103.70539231
    86.39264868
    73.28224413
    51.71002513
    77.83108711
    68.25915445
    27.46974880
    44.48218850
    13.37329682
    26.21426296
     3.52428018
    -0.00097467
   -20.73621357
   -24.33674233
   -38.88674107
   -20.52653154
   -37.54268813
   -44.32939573
   -43.36491813
   -54.69252403
   -52.65957378
   -51.71417196
   -62.03059161
   -60.53347641
   -56.66566135
   -83.66655157
   -73.79937764
   -74.52001456
    -2.92630713
     3.04477046
    -6.43120350
    -9.94098021
    -4.45924633
   -16.91396243
    -5.47141986
   -30.17507172
   -21.03985768
   -20.91499883
   -41.71045715
   -35.32494683
   -46.24000970
   -46.12963605
   -79.66943579
   -64.15079451
   -73.50204711
   -67.76574630
   -86.61067865
   -95.89498775
    84.64574619
     8.21223654
   -22.19143080
   -91.00191678
  -129.10618711
  -173.31784275
  -216.60793486
  -282.90441970
  -279.78460257
  -290.21591313
   443.78408687
   440.96329433
   182.76476471
   189.87772602
   120.80621613
   120.40101066
    86.66055176
    77.58158256
    65.07532289
    33.41407709
    14.89415539
     7.95009604
     7.21349268
    -5.03973241
    -2.09651771
    -5.30434172
   -13.91034093
   -25.27689536
   -36.72870516
   -32.68575392
